
num_transitions = 21

0. 2
 0.000000e+00 0.000000e+00
 0.000000e+00 0.000000e+00

1. 5
 0.000000e+00 1.000000e+00 0.000000e+00 0.000000e+00 0.000000e+00
 0.000000e+00 8.407098e-01 8.739104e-02 7.189921e-02 0.000000e+00
 0.000000e+00 0.000000e+00 9.210048e-01 7.899520e-02 0.000000e+00
 0.000000e+00 4.267161e-02 0.000000e+00 7.613423e-01 1.959861e-01
 0.000000e+00 0.000000e+00 0.000000e+00 0.000000e+00 0.000000e+00

2. 5
 0.000000e+00 1.000000e+00 0.000000e+00 0.000000e+00 0.000000e+00
 0.000000e+00 7.306885e-01 2.693115e-01 0.000000e+00 0.000000e+00
 0.000000e+00 0.000000e+00 6.967080e-01 3.032920e-01 0.000000e+00
 0.000000e+00 0.000000e+00 0.000000e+00 8.000181e-01 1.999819e-01
 0.000000e+00 0.000000e+00 0.000000e+00 0.000000e+00 0.000000e+00

3. 5
 0.000000e+00 1.000000e+00 0.000000e+00 0.000000e+00 0.000000e+00
 0.000000e+00 8.049656e-01 1.950344e-01 0.000000e+00 0.000000e+00
 0.000000e+00 0.000000e+00 8.601698e-01 1.398302e-01 0.000000e+00
 0.000000e+00 0.000000e+00 0.000000e+00 8.447090e-01 1.552910e-01
 0.000000e+00 0.000000e+00 0.000000e+00 0.000000e+00 0.000000e+00

4. 5
 0.000000e+00 1.000000e+00 0.000000e+00 0.000000e+00 0.000000e+00
 0.000000e+00 3.006869e-01 6.993131e-01 0.000000e+00 0.000000e+00
 0.000000e+00 0.000000e+00 4.526122e-01 5.473878e-01 0.000000e+00
 0.000000e+00 0.000000e+00 0.000000e+00 6.996479e-01 3.003521e-01
 0.000000e+00 0.000000e+00 0.000000e+00 0.000000e+00 0.000000e+00

5. 5
 0.000000e+00 1.000000e+00 0.000000e+00 0.000000e+00 0.000000e+00
 0.000000e+00 8.624833e-01 1.375167e-01 0.000000e+00 0.000000e+00
 0.000000e+00 0.000000e+00 8.881902e-01 1.118098e-01 0.000000e+00
 0.000000e+00 0.000000e+00 0.000000e+00 7.859939e-01 2.140061e-01
 0.000000e+00 0.000000e+00 0.000000e+00 0.000000e+00 0.000000e+00

6. 5
 0.000000e+00 1.000000e+00 0.000000e+00 0.000000e+00 0.000000e+00
 0.000000e+00 8.283174e-01 1.716826e-01 0.000000e+00 0.000000e+00
 0.000000e+00 0.000000e+00 6.461685e-01 3.538315e-01 0.000000e+00
 0.000000e+00 0.000000e+00 0.000000e+00 7.161762e-01 2.838238e-01
 0.000000e+00 0.000000e+00 0.000000e+00 0.000000e+00 0.000000e+00

7. 5
 0.000000e+00 1.000000e+00 0.000000e+00 0.000000e+00 0.000000e+00
 0.000000e+00 5.772199e-01 4.227801e-01 0.000000e+00 0.000000e+00
 0.000000e+00 0.000000e+00 6.537368e-01 3.462632e-01 0.000000e+00
 0.000000e+00 0.000000e+00 0.000000e+00 5.655579e-01 4.344421e-01
 0.000000e+00 0.000000e+00 0.000000e+00 0.000000e+00 0.000000e+00

8. 5
 0.000000e+00 1.000000e+00 0.000000e+00 0.000000e+00 0.000000e+00
 0.000000e+00 7.560822e-01 2.439178e-01 0.000000e+00 0.000000e+00
 0.000000e+00 0.000000e+00 6.983318e-01 3.016682e-01 0.000000e+00
 0.000000e+00 0.000000e+00 0.000000e+00 6.570048e-01 3.429952e-01
 0.000000e+00 0.000000e+00 0.000000e+00 0.000000e+00 0.000000e+00

9. 5
 0.000000e+00 1.000000e+00 0.000000e+00 0.000000e+00 0.000000e+00
 0.000000e+00 6.984598e-01 3.015402e-01 0.000000e+00 0.000000e+00
 0.000000e+00 0.000000e+00 6.992007e-01 3.007993e-01 0.000000e+00
 0.000000e+00 0.000000e+00 0.000000e+00 7.621806e-01 2.378194e-01
 0.000000e+00 0.000000e+00 0.000000e+00 0.000000e+00 0.000000e+00

10. 5
 0.000000e+00 1.000000e+00 0.000000e+00 0.000000e+00 0.000000e+00
 0.000000e+00 6.780380e-01 3.219620e-01 0.000000e+00 0.000000e+00
 0.000000e+00 0.000000e+00 6.802689e-01 3.197311e-01 0.000000e+00
 0.000000e+00 0.000000e+00 0.000000e+00 6.544947e-01 3.455053e-01
 0.000000e+00 0.000000e+00 0.000000e+00 0.000000e+00 0.000000e+00

11. 5
 0.000000e+00 1.000000e+00 0.000000e+00 0.000000e+00 0.000000e+00
 0.000000e+00 7.774248e-01 2.225752e-01 0.000000e+00 0.000000e+00
 0.000000e+00 0.000000e+00 8.544278e-01 1.455722e-01 0.000000e+00
 0.000000e+00 0.000000e+00 0.000000e+00 7.947722e-01 2.052278e-01
 0.000000e+00 0.000000e+00 0.000000e+00 0.000000e+00 0.000000e+00

12. 5
 0.000000e+00 1.000000e+00 0.000000e+00 0.000000e+00 0.000000e+00
 0.000000e+00 6.980687e-01 3.019313e-01 0.000000e+00 0.000000e+00
 0.000000e+00 0.000000e+00 5.989169e-01 4.010831e-01 0.000000e+00
 0.000000e+00 0.000000e+00 0.000000e+00 6.029044e-01 3.970956e-01
 0.000000e+00 0.000000e+00 0.000000e+00 0.000000e+00 0.000000e+00

13. 5
 0.000000e+00 1.000000e+00 0.000000e+00 0.000000e+00 0.000000e+00
 0.000000e+00 6.198840e-01 3.801160e-01 0.000000e+00 0.000000e+00
 0.000000e+00 0.000000e+00 8.198605e-01 1.801395e-01 0.000000e+00
 0.000000e+00 0.000000e+00 0.000000e+00 6.254196e-01 3.745804e-01
 0.000000e+00 0.000000e+00 0.000000e+00 0.000000e+00 0.000000e+00

14. 5
 0.000000e+00 1.000000e+00 0.000000e+00 0.000000e+00 0.000000e+00
 0.000000e+00 7.403759e-01 2.596241e-01 0.000000e+00 0.000000e+00
 0.000000e+00 0.000000e+00 7.035964e-01 2.964036e-01 0.000000e+00
 0.000000e+00 0.000000e+00 0.000000e+00 6.776856e-01 3.223144e-01
 0.000000e+00 0.000000e+00 0.000000e+00 0.000000e+00 0.000000e+00

15. 5
 0.000000e+00 1.000000e+00 0.000000e+00 0.000000e+00 0.000000e+00
 0.000000e+00 8.281933e-01 1.718067e-01 0.000000e+00 0.000000e+00
 0.000000e+00 0.000000e+00 7.282386e-01 2.717614e-01 0.000000e+00
 0.000000e+00 0.000000e+00 0.000000e+00 7.178315e-01 2.821685e-01
 0.000000e+00 0.000000e+00 0.000000e+00 0.000000e+00 0.000000e+00

16. 5
 0.000000e+00 1.000000e+00 0.000000e+00 0.000000e+00 0.000000e+00
 0.000000e+00 8.542232e-01 1.457768e-01 0.000000e+00 0.000000e+00
 0.000000e+00 0.000000e+00 8.182261e-01 1.817739e-01 0.000000e+00
 0.000000e+00 0.000000e+00 0.000000e+00 8.172715e-01 1.827285e-01
 0.000000e+00 0.000000e+00 0.000000e+00 0.000000e+00 0.000000e+00

17. 5
 0.000000e+00 1.000000e+00 0.000000e+00 0.000000e+00 0.000000e+00
 0.000000e+00 6.954810e-01 3.045190e-01 0.000000e+00 0.000000e+00
 0.000000e+00 0.000000e+00 5.686388e-01 4.313612e-01 0.000000e+00
 0.000000e+00 0.000000e+00 0.000000e+00 7.162720e-01 2.837280e-01
 0.000000e+00 0.000000e+00 0.000000e+00 0.000000e+00 0.000000e+00

18. 5
 0.000000e+00 1.000000e+00 0.000000e+00 0.000000e+00 0.000000e+00
 0.000000e+00 7.659518e-01 2.340482e-01 0.000000e+00 0.000000e+00
 0.000000e+00 0.000000e+00 7.857755e-01 2.142245e-01 0.000000e+00
 0.000000e+00 0.000000e+00 0.000000e+00 7.178783e-01 2.821217e-01
 0.000000e+00 0.000000e+00 0.000000e+00 0.000000e+00 0.000000e+00

19. 5
 0.000000e+00 1.000000e+00 0.000000e+00 0.000000e+00 0.000000e+00
 0.000000e+00 8.158614e-01 1.841386e-01 0.000000e+00 0.000000e+00
 0.000000e+00 0.000000e+00 8.176302e-01 1.823698e-01 0.000000e+00
 0.000000e+00 0.000000e+00 0.000000e+00 7.099893e-01 2.900107e-01
 0.000000e+00 0.000000e+00 0.000000e+00 0.000000e+00 0.000000e+00

20. 3
 0.000000e+00 1.916606e-03 9.980834e-01
 0.000000e+00 5.815882e-01 4.184118e-01
 0.000000e+00 0.000000e+00 0.000000e+00

